name: webBehaviorTracker
channels:
  - conda-forge
  - defaults
dependencies:
  - ca-certificates=2021.10.8=h5b45459_0
  - openssl=3.0.0=h8ffe710_2
  - pip=21.3.1=pyhd8ed1ab_0
  - python=3.8.12=h900ac77_2_cpython
  - python_abi=3.8=2_cp38
  - setuptools=59.2.0=py38haa244fe_0
  - sqlite=3.36.0=h8ffe710_2
  - ucrt=10.0.20348.0=h57928b3_0
  - vc=14.2=hb210afc_5
  - vs2015_runtime=14.29.30037=h902a5da_5
  - wheel=0.37.0=pyhd8ed1ab_1
prefix: C:\Users\Roy\miniconda3\envs\webBehaviorTracker
